minAngle: -1.53589
maxAngle: 1.53589
restingPoseAngle: 0.0
